name: numba_project
channels:
  - conda-forge
  - defaults
dependencies:
  - blas=1.0=mkl
  - bottleneck=1.4.2=py312h4b0e54e_0
  - bzip2=1.0.8=h2bbff1b_6
  - ca-certificates=2025.8.3=h4c7d964_0
  - expat=2.7.1=h8ddb27b_0
  - icc_rt=2022.1.0=h6049295_2
  - intel-openmp=2023.1.0=h59b6b97_46320
  - joblib=1.5.1=pyhd8ed1ab_0
  - libffi=3.4.4=hd77b12b_1
  - llvmlite=0.44.0=py312h8b1c7eb_1
  - lz4-c=1.9.4=h2bbff1b_1
  - mkl=2023.1.0=h6b88ed4_46358
  - mkl-service=2.4.0=py312h827c3e9_2
  - mkl_fft=1.3.11=py312h827c3e9_0
  - mkl_random=1.2.8=py312h0158946_0
  - numba=0.61.2=py312h5da7b33_0
  - numexpr=2.11.0=py312hdb065b2_0
  - numpy=1.26.4=py312hfd52020_0
  - numpy-base=1.26.4=py312h4dde369_0
  - openssl=3.5.2=h725018a_0
  - pandas=2.3.1=py312h885b0b7_0
  - pip=25.1=pyhc872135_2
  - python=3.12.11=h716150d_0
  - python-dateutil=2.9.0post0=py312haa95532_2
  - python-tzdata=2025.2=pyhd3eb1b0_0
  - pytz=2025.2=py312haa95532_0
  - scikit-learn=1.7.1=py312h3fbe716_0
  - scipy=1.16.0=py312h242c13b_0
  - setuptools=78.1.1=py312haa95532_0
  - six=1.17.0=py312haa95532_0
  - sqlite=3.50.2=hda9a48d_1
  - tbb=2021.8.0=h59b6b97_0
  - threadpoolctl=3.6.0=pyhecae5ae_0
  - tk=8.6.14=h5e9d12e_1
  - tzdata=2025b=h04d1e81_0
  - ucrt=10.0.22621.0=haa95532_0
  - vc=14.3=h2df5915_10
  - vc14_runtime=14.44.35208=h4927774_10
  - vs2015_runtime=14.44.35208=ha6b5a95_10
  - wheel=0.45.1=py312haa95532_0
  - xz=5.6.4=h4754444_1
  - zlib=1.2.13=h8cc25b3_1
  - zstd=1.5.6=h8880b57_0
prefix: C:\Users\Shujie Yang\.conda\envs\numba_project
